Runtime:
100 1000 10000 100000 1000000 
0 0.9114082989981398 47.678366699256 4727.979587498703 
1 0.0181709008757025 0.1135124999564141 1.1353124980814755 
2 0.03298330120742321 0.22109170095063746 2.2939582995604724 
3 0.46352919889613986 0.2503291005268693 0.3785292006796226 4.0325499983737245 2.637012497871183 4.4934958015801385 50.62103329983074 33.311612499528565 59.06792920141015 623.3147541002836 399.02645830006804 763.8300416991115 7473.642616701545 4880.58006670035 9561.441891698632 
4 
5 

Trocas
1001000100001000001000000
0 1000 10000 100000 
1 0 0 0 
2 990 9990 99990 
3 13440 4011 6400 199520 64303 97080 2672320 874129 1319560 33378560 10868263 16508540 399028480 127609353 197877920 
4 
5 

Comparacoes:
100 1000 10000 100000 1000000 
0 49500 4995000 499950000 
1 990 9990 99990 
2 990 9990 99990 
3 3560 6472 20700 50440 114466 306240 690080 1563255 4108680 9221637 20125783 51025620 109272529 245976703 608633760 
4 
5 
